sample_id	ENRS_CERES_ESR1	ENRS_CERES_CDK4	ENRS_CERES_CDK6	ENRS_CERES_CDK2
tempus001_Pre	-2.326057104	-0.650956691	-1.001115274	-1.025210421
tempus002_Post	-1.727449939	-0.470319114	-0.818702549	-1.060162552
tempus003_Post	-1.761790069	-0.463135186	-0.836200795	-1.116177732
tempus004_Post	-1.730607945	-0.427615083	-1.005346325	-1.06384138
tempus005_Pre	-2.577929416	-0.674644529	-0.905170343	-1.043594986
tempus006_Pre	-2.135094492	-0.562184984	-0.823334331	-1.124911397
tempus007_Post	-1.622561123	-0.304845103	-0.703555766	-1.284725506
tempus008_Post	-2.769534261	-0.607733729	-0.920254804	-1.029463789
tempus009_Post	-2.182912379	-0.56017314	-0.964148082	-1.055503321
tempus010_Post	-1.72103042	-0.469807639	-0.691575232	-1.14288938
tempus011_Post	-2.581493765	-0.483273526	-1.123572712	-1.046963308
tempus011_Pre	-2.66592623	-0.596773631	-0.941838056	-1.034636554
tempus012_Pre	-1.896870708	-0.677955884	-0.866075716	-1.031980592
tempus013_Pre	-2.760563347	-0.691983944	-0.902271761	-1.058709457
tempus014_Post	-1.643283539	-0.448354859	-0.864531569	-1.132109908
tempus015_Post	-2.491096145	-0.601782274	-0.926192738	-1.051153301
tempus016_Post	-2.580217664	-0.614373789	-0.797139285	-1.148377411
tempus017_Pre	-2.999047098	-0.595529522	-0.870434247	-1.038323318
tempus018_Pre	-2.096868297	-0.6469563	-0.942707895	-1.028032459
tempus019_Post	-1.944093106	-0.479086489	-0.970696454	-1.083920921
tempus020_Pre	-2.641510316	-0.656476996	-0.948737765	-1.048956471
tempus021_Post	-1.732954848	-0.384883316	-1.075732464	-1.110828344
tempus022_Post	-1.822770861	-0.521126587	-1.001533679	-1.067095375
tempus023_Post	-2.832492915	-0.707256163	-0.762010514	-1.056272821
tempus024_Pre	-1.975173565	-0.405854166	-1.095858243	-1.115988393
tempus025_Pre	-2.1715593	-0.58486653	-0.906031613	-1.060471051
tempus026_Pre	-2.260655428	-0.584560953	-0.855538564	-1.051985099
tempus027_Post	-1.745983776	-0.504315426	-0.880588845	-1.03189847
tempus028_Post	-1.521017156	-0.270962063	-0.877104929	-1.232648063
tempus029_Post	-1.573751198	-0.383650927	-0.995493958	-1.078639442
tempus029_Pre	-2.386631544	-0.515340306	-0.950746414	-1.042222034
tempus030_Post	-1.729271662	-0.383928877	-1.068891205	-1.074201306
tempus031_Post	-1.869768018	-0.519256307	-0.908271019	-1.06157489
tempus032_Post	-1.817574919	-0.552290231	-0.85224712	-1.0789409
tempus033_Pre	-2.123336894	-0.658944769	-0.826871556	-1.060545208
tempus034_Pre	-1.996673251	-0.596504166	-1.005026614	-1.040205221
tempus035_Pre	-2.423173257	-0.54976825	-0.913363805	-1.048701491
tempus036_Pre	-2.043169607	-0.672390763	-0.935575143	-1.052919967
tempus037_Post	-1.710408755	-0.587977873	-0.760893195	-1.114182666
tempus038_Pre	-2.605199854	-0.679718245	-0.93223826	-1.038950402
tempus039_Pre	-1.887232466	-0.603981179	-0.820208067	-1.056017563
tempus040_Pre	-2.542388795	-0.641775019	-0.867131866	-1.050551834
tempus041_Pre	-2.829001413	-0.703966871	-0.872501317	-1.040131025
tempus042_Pre	-2.670811319	-0.719529566	-0.854386563	-1.053772347
tempus043_Pre	-2.652149136	-0.772722198	-0.920835548	-1.062338065
tempus044_Post	-1.883276413	-0.440914141	-0.958501281	-1.191099639
tempus045_Pre	-2.157740702	-0.650433732	-0.894941116	-1.035858022
tempus046_Post	-2.662884884	-0.660097604	-0.82330869	-1.042791365
tempus047_Pre	-1.761903604	-0.529344573	-1.00872097	-1.093215802
tempus048_Post	-1.731777546	-0.469001487	-0.953141143	-1.062121904
tempus049_Post	-1.835117438	-0.719397567	-0.884984899	-1.043923904
tempus050_Pre	-2.791718028	-0.668052503	-0.864728536	-0.991333963
tempus051_Post	-3.16343884	-0.58924722	-0.890256037	-1.077380641
tempus052_Pre	-2.23635921	-0.612187619	-0.936686794	-1.045222037
tempus053_Post	-1.874707529	-0.641961639	-0.841328924	-1.104146631
tempus054_Post	-1.835926642	-0.516243543	-0.773848518	-1.004538824
tempus055_Pre	-1.928685893	-0.53244353	-0.896714838	-1.035633385
tempus056_Post	-2.085629495	-0.519936844	-0.72784479	-1.266255785
tempus057_Pre	-1.960524784	-0.670327116	-0.951506261	-1.049739836
tempus058_Post	-1.594516747	-0.37929332	-0.937895153	-1.085704261
tempus059_Post	-1.869226935	-0.534999127	-0.914776569	-1.039853195
tempus060_Pre	-1.939549233	-0.615039598	-0.835452971	-1.089623117
tempus061_Pre	-3.017776329	-0.621586981	-0.986264051	-1.040655296
tempus062_Post	-2.727773363	-0.539873665	-0.823777437	-1.054975048
tempus063_Pre	-2.776120753	-0.649841063	-0.873903857	-1.044807693
tempus064_Pre	-3.224231892	-0.749064916	-0.877505634	-1.004920667
tempus065_Pre	-2.14176834	-0.590137482	-1.083765057	-1.081165396
tempus066_Post	-2.96317208	-0.651017364	-0.889732168	-1.072424454
tempus067_Post	-2.776777417	-0.604232726	-0.933008986	-1.016589925
tempus068_Post	-1.827639977	-0.462251881	-0.825490826	-1.126212898
tempus069_Post	-2.726163488	-0.552111538	-0.979681243	-1.03108166
tempus070_Pre	-2.674482866	-0.658603992	-0.945924509	-1.023505433
tempus071_Post	-3.203768392	-0.756916329	-0.824691241	-1.080519645
tempus072_Post	-1.950998123	-0.562748966	-1.012358614	-0.98333982
tempus072_Pre	-2.015338126	-0.693305241	-1.015127865	-1.002455963
tempus073_Pre	-1.828969566	-0.465988375	-0.893741349	-1.120949713
tempus074_Post	-2.318673928	-0.589378867	-0.793445366	-1.096549106
tempus075_Post	-1.572199895	-0.29819473	-0.7517554	-1.236883694
tempus075_Pre	-1.748353793	-0.381348971	-0.807256366	-1.234782097
tempus076_Pre	-2.106928032	-0.627769982	-0.953508266	-1.053852918
tempus077_Post	-1.605266267	-0.409681392	-0.929860027	-1.131120868
tempus078_Post	-2.590896469	-0.52073462	-0.95828084	-1.089663951
tempus079_Pre	-2.189970732	-0.664307886	-0.850988213	-1.064911322
tempus080_Pre	-2.330254033	-0.639919857	-0.909409951	-1.045327977
tempus081_Post	-1.906409481	-0.579604966	-0.884335726	-1.070597441
tempus082_Pre	-2.652748591	-0.762547566	-0.888957932	-1.053257883
tempus083_Pre	-1.799978601	-0.583661428	-0.971609448	-1.015325657
tempus084_Pre	-2.125508005	-0.636394451	-1.012273552	-1.028549894
tempus085_Post	-1.786750315	-0.56324192	-0.703858786	-1.086435241
tempus086_Post	-2.036755661	-0.622664961	-0.983518565	-1.046896398
tempus087_Post	-1.854419316	-0.58070743	-0.872721328	-1.024163749
tempus088_Post	-2.964857501	-0.614183818	-0.983373618	-1.043092419
tempus089_Post	-2.167567099	-0.356447873	-0.626941352	-1.150499211
tempus089_Pre	-2.6383482	-0.46793383	-0.821840056	-1.138601761
tempus090_Post	-1.626464613	-0.392986318	-0.653581843	-1.151944845
tempus090_Pre	-2.237198453	-0.629867729	-0.954284043	-1.046655053
tempus091_Post	-1.870255555	-0.44289703	-0.773093109	-1.141860996
tempus092_Pre	-2.98444598	-0.583984448	-0.988983975	-1.042246731
tempus093_Post	-2.943361428	-0.540573485	-1.034417559	-1.015527624
tempus094_Post	-1.77870007	-0.383397633	-1.185008679	-1.069203085
tempus095_Post	-1.975871368	-0.582428078	-0.835520508	-1.06163445
tempus096_Pre	-2.053986038	-0.532678103	-0.974673598	-1.064388444
tempus097_Pre	-1.879920126	-0.611680185	-0.882073902	-1.071288713
tempus098_Pre	-2.566178474	-0.513771381	-0.979587266	-1.058803262
tempus099_Post	-1.61447403	-0.369859433	-0.849006771	-1.112721367
tempus100_Pre	-1.766695997	-0.580000285	-0.821358627	-1.126261692
tempus101_Post	-2.081110195	-0.607687989	-0.896848486	-1.01234793
tempus102_Pre	-2.344570971	-0.644608823	-1.001207913	-1.024005256
tempus103_Post	-2.024175566	-0.488643195	-0.967204022	-1.069208348
tempus104_Post	-1.76366798	-0.667746546	-0.74669649	-1.128603402
tempus105_Post	-3.107487122	-0.66848667	-0.751952213	-1.076118369
tempus106_Post	-1.577876276	-0.604486529	-0.917588177	-1.064900433
tempus107_Post	-2.668475972	-0.624658512	-0.949290211	-1.021561736
tempus108_Pre	-2.992720425	-0.500600855	-0.888216641	-1.08833977
tempus109_Post	-1.6880558	-0.471022565	-0.987472405	-1.043700301
tempus110_Pre	-2.344196194	-0.583593841	-0.818279174	-1.057066953
tempus111_Post	-1.771403201	-0.442131532	-0.585074464	-1.103305822
tempus112_Pre	-2.597194481	-0.533808638	-0.930947243	-1.049880163
tempus113_Pre	-2.003422415	-0.617745645	-0.883315528	-1.094636401
tempus114_Post	-2.292833166	-0.561974577	-1.053018775	-1.08186365
tempus114_Pre	-1.882203564	-0.652099663	-0.995395082	-1.049735779
tempus115_Pre	-2.175294427	-0.709226199	-0.874299671	-1.074037678
tempus116_Post	-1.694953172	-0.572184164	-0.985993018	-1.09503686
tempus117_Post	-2.239920291	-0.579739585	-0.805952557	-1.051778116
tempus118_Post	-1.912005309	-0.703684904	-0.728035371	-1.102166672
tempus119_Pre	-2.859618296	-0.639909388	-0.804921191	-1.063639155
tempus120_Post	-2.964826798	-0.498277926	-1.079389293	-1.034443042
tempus121_Post	-2.060367345	-0.586944507	-0.697666924	-1.08266949
tempus122_Pre	-2.02439562	-0.569656259	-0.922107996	-1.054622946
tempus123_Post	-2.196810055	-0.686969634	-0.773723008	-1.077370577
tempus124_Post	-2.645813097	-0.635833281	-0.815801209	-1.069735351
tempus125_Pre	-3.085607492	-0.560753776	-0.958577996	-1.016251409
tempus126_Pre	-1.914990626	-0.493994356	-0.577231546	-1.151788596
tempus127_Post	-2.431455065	-0.61481611	-0.980753305	-1.022915283
tempus128_Pre	-1.886094855	-0.536531592	-0.89394908	-1.078191693
tempus129_Post	-2.188290474	-0.627805728	-0.930883304	-1.025095347
tempus130_Post	-1.977772462	-0.712650003	-0.777858587	-1.06927625
tempus131_Post	-1.751341476	-0.458678442	-0.838555235	-1.144906619
tempus132_Pre	-2.120704376	-0.7084459	-0.891820003	-1.020673688
tempus133_Post	-3.029849229	-0.61096504	-0.791949185	-1.06810256
tempus134_Pre	-2.601027552	-0.620528499	-0.87581882	-1.076058614
tempus135_Pre	-2.498333209	-0.690123045	-0.86922188	-1.065444488
tempus136_Pre	-2.795554636	-0.658597069	-0.9325778	-1.035565726
tempus137_Post	-1.844496704	-0.554935855	-0.83837464	-1.127217047
tempus138_Post	-2.451275529	-0.63346873	-0.763863124	-1.078458155
tempus139_Post	-1.946629713	-0.654130017	-0.879471748	-1.053640683
tempus140_Post	-1.952232532	-0.528148891	-0.841793104	-1.116932678
tempus141_Post	-2.599556196	-0.574379855	-0.991086824	-1.033734727
tempus142_Post	-2.336425724	-0.611366969	-0.802264617	-1.09841061
tempus143_Post	-1.774675765	-0.609586127	-0.796804762	-1.126157033
tempus144_Pre	-2.748469882	-0.775709715	-0.852841098	-1.073921616
tempus145_Post	-2.121102923	-0.606772341	-0.820565129	-1.013069215
tempus146_Pre	-3.102970845	-0.63270563	-0.894075146	-1.018793008
tempus147_Post	-1.902771302	-0.645383064	-0.776603839	-1.067209263
tempus148_Post	-1.671366811	-0.4633263	-0.717582692	-1.175715949
tempus148_Pre	-2.136259477	-0.441654069	-0.86349626	-1.15404871
tempus149_Post	-2.56151328	-0.721773414	-0.81068548	-1.06100895
tempus150_Post	-2.685015199	-0.706241682	-0.911276905	-1.042058286
tempus151_Pre	-2.019006146	-0.532669319	-0.81499925	-1.048017715
tempus152_Pre	-2.382489688	-0.593669518	-0.952010292	-1.032499249
tempus153_Pre	-2.137581495	-0.535499098	-0.983806531	-1.057218545
tempus154_Pre	-2.561368968	-0.602068896	-0.981293329	-1.047342081
tempus155_Pre	-2.575795952	-0.557640687	-0.736599261	-1.09318713
tempus156_Post	-1.625645521	-0.383576515	-0.644054432	-1.227390601
tempus157_Pre	-1.619147292	-0.530742664	-0.883195974	-1.10247638
tempus158_Post	-1.802602709	-0.470865	-0.686847652	-1.173934327
tempus159_Pre	-2.045222812	-0.698074069	-0.896530889	-1.047089227
tempus160_Pre	-2.151770005	-0.603799817	-0.938643197	-1.049985663
tempus161_Pre	-1.969301229	-0.555563919	-1.024725733	-1.04763704
tempus162_Pre	-2.140077113	-0.496579814	-0.935903154	-1.063431351
tempus163_Post	-2.399148157	-0.605259535	-0.747572482	-1.136103037
tempus164_Post	-2.012051442	-0.661642627	-0.728460368	-1.056511186
tempus165_Pre	-2.61370629	-0.578147114	-1.058918019	-1.036734462
tempus166_Pre	-1.938093611	-0.619795398	-0.727706457	-1.103897141
tempus167_Pre	-2.033819651	-0.529047103	-0.846676844	-1.121130435
tempus168_Pre	-1.749205776	-0.454566695	-0.880982868	-1.088693835
tempus169_Post	-1.886010098	-0.431046481	-0.856045562	-1.198793278
tempus170_Post	-1.9398326	-0.48133897	-1.00034142	-1.081643232
tempus171_Pre	-2.035496162	-0.573428447	-1.021377885	-1.051742322
tempus172_Post	-2.642494723	-0.496387343	-1.010894263	-1.051258554
tempus173_Pre	-2.793707889	-0.665975145	-0.925686344	-1.014196598
tempus174_Pre	-2.064217492	-0.784734787	-0.895067417	-1.055131458
tempus175_Pre	-3.123462226	-0.614457172	-0.954551689	-1.024140725
tempus176_Post	-2.898240809	-0.701828596	-0.799237785	-1.034496577
tempus177_Post	-3.060394164	-0.45895217	-0.717261283	-1.076979735
tempus178_Pre	-2.001916773	-0.520870606	-1.015089938	-1.045223024
tempus179_Pre	-2.005147084	-0.627845118	-0.87738406	-1.032662194
tempus180_Pre	-2.580084995	-0.568710755	-0.876977009	-1.064490571
tempus181_Post	-2.013924559	-0.630459933	-0.900262136	-1.051386928
tempus181_Pre	-2.098186724	-0.550625367	-0.930993323	-1.093620371
tempus182_Post	-1.965876441	-0.625739917	-0.856919825	-1.040830402
tempus182_Pre	-2.077793128	-0.725748856	-0.877409314	-1.081904435
tempus183_Pre	-1.941351077	-0.608221735	-0.759546728	-1.11152233
tempus184_Pre	-2.551834532	-0.71674685	-0.461923094	-1.111290097
tempus185_Post	-2.65769467	-0.567788557	-0.980812147	-1.03907216
tempus186_Post	-2.08345601	-0.699635422	-0.910774492	-1.055797753
tempus187_Pre	-2.616773913	-0.674471754	-0.907246755	-1.030788505
tempus188_Pre	-2.274362026	-0.483794203	-0.845412914	-1.053850815
tempus189_Post	-1.934922254	-0.472798743	-0.981896763	-1.088543727
tempus190_Post	-1.67940231	-0.480177643	-0.678467556	-1.165591718
tempus191_Pre	-2.87839402	-0.587690067	-0.819432984	-1.034184641
tempus192_Post	-2.369019952	-0.602915269	-0.778534824	-1.035181232
tempus193_Pre	-3.152646993	-0.652420645	-0.831321767	-1.034800732
tempus194_Pre	-2.338652942	-0.525453678	-0.958699988	-1.066835513
tempus195_Post	-1.673832074	-0.438408953	-0.912464862	-1.123872009
tempus196_Post	-1.727192301	-0.340621647	-0.938919969	-1.102104593
tempus197_Post	-1.955448132	-0.654322096	-0.915087358	-1.046033692
tempus197_Pre	-1.928833252	-0.679207573	-0.930217665	-1.046611492
tempus198_Pre	-2.733052172	-0.68649566	-0.89638385	-1.032561253
tempus199_Post	-2.337601361	-0.545056772	-0.89202885	-1.120723436
tempus200_Pre	-1.992661661	-0.511227663	-1.077044377	-1.027245294
tempus201_Pre	-2.559811612	-0.623442781	-0.964486838	-1.047668209
tempus202_Pre	-2.626219838	-0.674348998	-0.826929805	-1.052538901
tempus203_Pre	-3.093690041	-0.580873026	-0.945763042	-1.03390325
tempus204_Pre	-1.993720397	-0.569099712	-0.973442062	-1.065777138
tempus205_Post	-1.780839617	-0.729611887	-0.785386095	-1.12887644
tempus206_Post	-1.80791217	-0.58072772	-0.717374766	-1.096566258
tempus207_Pre	-2.772897976	-0.50951711	-1.097992688	-1.019843387
tempus208_Pre	-2.034670166	-0.609215426	-0.788968993	-1.106197825
tempus209_Pre	-2.142754288	-0.570260353	-1.002117964	-1.015194187
tempus210_Post	-1.889403576	-0.511905052	-1.008164057	-1.068748959
tempus210_Pre	-2.636834965	-0.691376724	-0.908672509	-1.002278966
tempus211_Post	-2.055638951	-0.640799881	-0.898891498	-1.030175042
tempus211_Pre	-2.035604002	-0.642318736	-0.882432009	-1.070331196
tempus212_Pre	-3.131213864	-0.680963864	-0.907514217	-1.011686089
tempus213_Post	-2.236960288	-0.575135784	-0.886996319	-1.082288187
tempus214_Post	-1.788909582	-0.426440635	-0.853133463	-1.074164008
tempus215_Pre	-2.201173429	-0.530441237	-0.949519808	-1.070057273
tempus216_Post	-1.589147101	-0.333822523	-1.132831123	-1.05714168
tempus217_Post	-1.888341232	-0.548245928	-0.973789423	-1.082280657
tempus218_Post	-1.839116656	-0.459306659	-1.018055297	-1.057387439
tempus219_Post	-1.737157517	-0.512742001	-1.03720022	-1.081313321
tempus220_Post	-1.705329742	-0.359328502	-0.996762793	-1.15211876
tempus221_Pre	-2.299315397	-0.638719148	-0.953467857	-1.064731773
tempus222_Post	-2.397385123	-0.613047374	-0.874594764	-1.043728714
tempus223_Pre	-2.412134976	-0.613900048	-0.916017609	-1.073631187
tempus224_Post	-2.176430289	-0.650486542	-0.875128815	-1.077359397
tempus225_Pre	-2.722648911	-0.584052147	-0.91835283	-1.041384389
tempus226_Pre	-2.853505018	-0.738027924	-0.803844446	-1.037790422
tempus227_Pre	-2.787042148	-0.731699173	-0.943644896	-1.050518436
tempus228_Pre	-2.414574823	-0.651838229	-0.92598456	-1.032613095
tempus229_Post	-2.488385352	-0.596931264	-0.889198097	-1.045060321
tempus230_Post	-2.603345556	-0.607612144	-0.84303854	-1.061237595
tempus231_Post	-1.612218226	-0.48505824	-1.095639232	-1.032110787
tempus232_Post	-1.805251608	-0.478613705	-0.95602481	-1.109995216
tempus232_Pre	-1.779198924	-0.447864938	-1.068294373	-1.108914923
tempus233_Post	-1.970126622	-0.680277529	-0.905120947	-0.980194444
tempus234_Pre	-2.564981038	-0.620779117	-0.95940047	-1.029693102
tempus235_Pre	-3.181376813	-0.677033677	-0.831477588	-1.084070219
tempus236_Post	-1.928641444	-0.489819641	-0.868328394	-1.106276196
tempus237_Pre	-2.770160507	-0.603661479	-0.952136342	-1.061104766
tempus238_Post	-1.890969196	-0.486152855	-1.152684645	-1.005317224
tempus239_Post	-2.458068874	-0.577549712	-0.838938052	-1.086939168
tempus240_Pre	-1.888526486	-0.623815358	-0.765969454	-1.12306612
tempus241_Pre	-2.341994043	-0.576280009	-1.01775503	-1.041537588
tempus242_Pre	-2.145945239	-0.214452053	-1.333106752	-1.067835866
tempus243_Pre	-2.332915536	-0.457673898	-0.953990199	-1.073731187
tempus244_Post	-2.073933763	-0.524543384	-0.873241237	-1.066343373
tempus245_Post	-1.829364892	-0.637758741	-0.823118054	-1.081493032
tempus246_Post	-1.662294484	-0.420128027	-0.811598716	-1.129244609
tempus247_Post	-1.824066306	-0.463959962	-1.042884206	-1.082079626
tempus248_Post	-2.582552825	-0.609924504	-0.72469547	-1.051964993
tempus249_Post	-2.193672436	-0.630365959	-0.917883485	-1.019786193
tempus250_Pre	-2.040421539	-0.566508906	-0.997465707	-1.04789864
tempus251_Post	-2.061431836	-0.702599056	-0.997577331	-1.063782863
tempus252_Post	-1.59086364	-0.443712496	-0.586996428	-1.219939714
tempus253_Pre	-1.917407696	-0.572648659	-0.997383913	-1.07529097
tempus254_Pre	-2.020659699	-0.612640044	-0.963971501	-1.047292664
tempus255_Pre	-2.73812749	-0.623959584	-0.770863912	-1.059353091
tempus256_Pre	-2.577242869	-0.584049515	-0.996011368	-1.034040451
tempus257_Pre	-2.136482807	-0.698829367	-0.809730198	-1.041876214
tempus258_Pre	-2.060713428	-0.550104714	-0.886514139	-1.078251364
tempus259_Pre	-2.883288946	-0.784386357	-0.857403312	-1.054877454
tempus260_Post	-1.792254359	-0.641581633	-0.809363916	-1.045719763
tempus261_Post	-1.990456792	-0.608152505	-0.934890059	-1.064901856
tempus262_Post	-2.450475526	-0.615388192	-0.800553694	-1.109610353
tempus263_Post	-1.730593317	-0.631300177	-0.806457107	-1.06706277
tempus264_Post	-2.218213787	-0.62478729	-0.927366712	-1.043063719
tempus265_Pre	-2.492157609	-0.511036836	-0.923050382	-1.074255162
tempus266_Post	-2.449379918	-0.631674883	-0.988340899	-1.041489215
tempus267_Post	-2.105083574	-0.70045618	-0.820375012	-1.062354546
tempus268_Post	-2.817452077	-0.611842324	-0.940522867	-1.018943762
tempus268_Pre	-2.686574143	-0.500606888	-1.043323906	-1.022704547
tempus269_Post	-2.916743445	-0.761008284	-0.903127968	-1.058125051
tempus270_Post	-1.940421397	-0.659372159	-0.891134665	-1.05026046
tempus270_Pre	-1.939698566	-0.605138273	-0.827846349	-1.053571769
tempus271_Pre	-2.554564782	-0.524759746	-0.820068918	-1.048819398
tempus272_Post	-2.00434357	-0.623538226	-0.972883331	-1.072423077
tempus273_Post	-1.715857212	-0.55610597	-0.809787966	-1.157643599
tempus274_Pre	-1.844337625	-0.211767175	-1.224397898	-1.070743272
tempus275_Post	-2.644335741	-0.689190834	-0.969106147	-1.052197735
tempus276_Post	-2.77280955	-0.749984514	-0.833645625	-1.045302839
tempus276_Pre	-2.973814394	-0.777257148	-0.901536632	-1.01429831
tempus277_Pre	-1.942434896	-0.73949839	-0.888689553	-1.097164666
tempus278_Post	-1.48829106	-0.405762223	-0.867111639	-1.152976235
tempus279_Pre	-1.928507902	-0.619710184	-0.908223305	-1.057400067
tempus280_Pre	-2.686668673	-0.732915154	-1.013765376	-1.049222607
tempus281_Post	-1.881652105	-0.433575499	-1.088846974	-1.03995809
tempus282_Pre	-1.819226165	-0.477286535	-0.959185504	-1.095389556
tempus283_Post	-2.872477817	-0.57331108	-0.876985254	-1.053233657
tempus284_Post	-1.854831677	-0.494620413	-0.913114939	-1.075735928
tempus285_Post	-1.869842731	-0.480280842	-1.102452024	-1.072686938
tempus285_Pre	-1.967116526	-0.499910597	-1.11132351	-1.047695924
tempus286_Pre	-1.902707039	-0.675647458	-0.871577148	-1.036050736
tempus287_Post	-2.903288267	-0.622609136	-0.892370933	-1.083155447
tempus288_Pre	-2.550711157	-0.588483586	-0.925111063	-1.085758156
tempus289_Post	-2.54997641	-0.613565967	-0.909379684	-1.053853449
tempus290_Post	-1.791612745	-0.546619919	-0.824928402	-1.103330381
tempus291_Pre	-1.982358572	-0.605655964	-1.066731466	-1.013340658
tempus292_Post	-1.930424368	-0.623324288	-0.881079458	-1.058958264
tempus293_Pre	-2.717901415	-0.705650486	-0.913931023	-1.054134649
tempus294_Post	-1.627869371	-0.620997313	-0.854744849	-1.105082308
tempus294_Pre	-2.330813851	-0.761992547	-0.910314086	-1.030095109
tempus295_Post	-1.622095865	-0.518672016	-0.946047409	-1.106865654
tempus296_Post	-1.609178542	-0.462485513	-0.770483559	-1.173137271
tempus296_Pre	-2.402342841	-0.639629028	-0.861955913	-1.044634273
tempus297_Post	-1.905096268	-0.425678632	-1.075384992	-1.0457542
tempus298_Pre	-2.925004668	-0.620212763	-0.923028206	-1.032033555
tempus299_Post	-1.839561623	-0.365522474	-1.164980155	-1.073383312
tempus300_Post	-2.407488439	-0.378807786	-1.079775676	-1.049407207
tempus301_Post	-1.42201476	-0.291354973	-1.133346802	-1.153005893
tempus302_Post	-1.97957936	-0.555517827	-0.901046702	-1.083781623
tempus303_Post	-2.33575903	-0.663097405	-0.890219467	-1.012518581
tempus304_Post	-1.94079252	-0.584285304	-0.931199992	-1.108321621
tempus305_Post	-1.705605497	-0.528925678	-0.89345598	-1.082492661
tempus306_Post	-2.787098973	-0.521936309	-0.799233603	-1.110433606
tempus306_Pre	-3.060148028	-0.619812786	-0.931006822	-1.064875981
tempus307_Post	-2.839643331	-0.686145405	-0.843725822	-1.112093895
tempus308_Post	-2.324259807	-0.438056516	-0.788248907	-1.130129802
tempus309_Post	-2.378295143	-0.588894897	-0.823842431	-1.102014027
tempus310_Pre	-1.985556787	-0.658712767	-0.901400254	-1.024758398
tempus311_Pre	-2.087568633	-0.542200683	-0.985167727	-1.053913565
tempus312_Pre	-2.111710526	-0.692584116	-0.860154418	-1.033659229
tempus313_Pre	-2.983784712	-0.597418403	-0.888262369	-1.02334876
tempus314_Pre	-2.279457189	-0.577334968	-0.713355452	-1.087481258
tempus315_Post	-2.386833057	-0.611353124	-0.91577582	-1.059889688
tempus316_Pre	-1.938740827	-0.569211391	-0.925389124	-1.067742994
tempus317_Post	-1.834501351	-0.583438371	-0.806727252	-1.121094989
tempus318_Post	-1.920932455	-0.725866096	-0.900159755	-1.086641287
tempus319_Pre	-2.295848417	-0.526666111	-0.9249805	-1.073825763
tempus320_Post	-2.03131553	-0.604799315	-0.942403648	-1.082457565
tempus321_Pre	-2.119459096	-0.606573011	-0.699531381	-1.053320202
tempus322_Post	-2.042637249	-0.627196936	-0.935493349	-1.030530365
tempus323_Pre	-2.228450985	-0.594974754	-0.993563314	-1.025421105
tempus324_Post	-1.982445563	-0.594868642	-1.026353355	-1.007683354
tempus325_Post	-2.593426646	-0.675944167	-0.853949012	-1.046940013
tempus325_Pre	-2.742792289	-0.678556009	-0.871243428	-1.042341696
tempus326_Post	-2.25667141	-0.633337404	-0.877951958	-1.113822526
tempus327_Post	-1.984980747	-0.507520141	-0.968348058	-1.059142536
tempus327_Pre	-1.965814173	-0.564931707	-0.861285597	-1.089962338
tempus328_Post	-1.76046228	-0.401825752	-0.933057441	-1.132802896
tempus329_Post	-2.953277058	-0.479852697	-0.67118086	-1.191779804
tempus330_Pre	-1.9001953	-0.413033288	-0.868342098	-1.101710113
tempus331_Pre	-2.552880751	-0.59848577	-0.897716825	-1.007955378
tempus332_Post	-2.241596368	-0.510386377	-0.688214418	-1.198108431
tempus333_Post	-2.557116969	-0.671167033	-0.937689779	-1.059558531
tempus334_Post	-1.856377532	-0.472802601	-0.875735987	-1.106550861
tempus334_Pre	-2.551319256	-0.496478386	-1.006763025	-1.044901277
tempus335_Post	-1.745548542	-0.388143301	-1.082749553	-1.032504082
tempus336_Post	-1.779697072	-0.365330159	-1.050062385	-1.080008642
tempus337_Post	-1.993033593	-0.601353202	-0.775160529	-1.086815443
tempus338_Pre	-3.055340676	-0.723836687	-0.879824226	-1.044248129
tempus339_Post	-2.562801481	-0.725715835	-0.731388929	-1.084981833
tempus339_Pre	-2.97309033	-0.750900099	-0.912106766	-1.031640084
tempus340_Pre	-3.035077322	-0.548254338	-1.004529231	-1.010479506
tempus341_Pre	-1.957258342	-0.644272694	-0.929883142	-1.042565098
tempus342_Post	-2.770159387	-0.600513921	-0.977079605	-1.045332367
tempus343_Post	-1.87023939	-0.462826759	-1.151776068	-1.046603664
tempus344_Pre	-1.966058421	-0.654988441	-0.96536749	-1.023411779
tempus345_Post	-1.450912339	-0.438486541	-0.806498718	-1.079478815
tempus346_Pre	-1.978249961	-0.695140352	-0.955003046	-1.03570077
tempus347_Post	-2.436956626	-0.59264507	-0.914413437	-1.100801563
tempus348_Post	-1.507315152	-0.6077411	-0.707795667	-1.134764445
tempus349_Pre	-2.940739868	-0.578048414	-0.905490734	-1.060614392
tempus350_Pre	-3.196753854	-0.683177788	-0.69685956	-1.090842984
tempus351_Pre	-3.084595478	-0.587676423	-0.718448888	-1.094943925
tempus352_Post	-1.797356255	-0.686630538	-0.984416758	-1.032206496
tempus353_Post	-2.072858541	-0.608814329	-1.026323994	-1.053173218
tempus354_Post	-2.539424329	-0.679544264	-0.789592488	-1.050711486
tempus355_Post	-1.649224673	-0.503683802	-0.91715812	-1.089630325
tempus356_Post	-2.27120005	-0.52372787	-0.662206656	-1.066766352
tempus357_Pre	-2.072162742	-0.598234676	-1.035314283	-1.01820379
tempus358_Pre	-2.134819184	-0.599718439	-0.948071568	-1.071809156
tempus359_Post	-2.7626576	-0.702441888	-0.872248793	-1.055055054
tempus359_Pre	-2.76925484	-0.725708235	-0.978844585	-1.046462944
tempus360_Post	-2.067917888	-0.650226689	-0.788173506	-1.072085207
tempus361_Pre	-1.660021162	-0.694790931	-0.841414551	-1.105971737
tempus362_Pre	-1.954208468	-0.609770484	-0.889177703	-1.062233788
tempus363_Post	-2.406592285	-0.514834658	-1.039369056	-1.116416369
tempus364_Post	-2.199960977	-0.575932049	-0.876383064	-1.065470785
tempus365_Pre	-2.352050024	-0.706301737	-0.858502085	-1.032476306
tempus366_Post	-1.743894773	-0.400029825	-1.035399574	-1.067127161
tempus367_Pre	-3.005380145	-0.636409929	-0.886313644	-1.033855934
tempus368_Post	-1.853903618	-0.471486688	-0.930759838	-1.089772483
tempus369_Post	-1.728601111	-0.470934994	-1.071431	-1.072696142
tempus370_Pre	-2.425731339	-0.652987453	-0.969785404	-1.044449713
tempus371_Pre	-2.005640967	-0.447738496	-1.176466829	-1.0594597
tempus372_Post	-1.894517606	-0.448503523	-1.047523275	-1.046548959
tempus373_Post	-1.633105764	-0.333756676	-0.888248045	-1.249071241
tempus374_Post	-1.990174416	-0.588118834	-0.948124879	-1.089661824
tempus375_Post	-3.188180262	-0.679119776	-0.852898137	-1.069879263
tempus376_Pre	-2.927069172	-0.649598799	-0.969832771	-1.026873964
tempus377_Post	-1.624117059	-0.497770164	-0.712746496	-1.176921479
tempus378_Pre	-3.235848698	-0.579657355	-0.872900358	-1.04867938
tempus379_Post	-2.066599823	-0.684815044	-0.782618655	-1.075353918
tempus380_Post	-2.270291724	-0.696895785	-0.889511431	-1.07516494
tempus381_Pre	-1.996278311	-0.592837234	-0.901086933	-1.069820063
tempus382_Pre	-2.959216247	-0.519591516	-1.111057557	-1.017893116
tempus383_Pre	-3.28278345	-0.741305749	-0.848345219	-1.057012768
tempus384_Post	-1.807466979	-0.382073534	-0.841175909	-1.119972265
tempus385_Post	-1.587466571	-0.411613387	-0.938587961	-1.090853163
tempus386_Post	-1.975886252	-0.506011371	-0.941254251	-1.128910878
tempus387_Pre	-2.672150891	-0.577392451	-1.051809046	-1.042785361
tempus388_Pre	-2.179604402	-0.707591203	-0.883856232	-1.061750037
tempus389_Post	-2.468347995	-0.455862144	-0.678789355	-1.091500849
tempus390_Post	-2.04130011	-0.423128812	-1.06644701	-1.063976361
tempus390_Pre	-2.740765467	-0.663798702	-0.975201505	-1.015446977
tempus391_Post	-2.914011583	-0.4472987	-0.941953989	-1.034543153
tempus392_Post	-1.872544368	-0.516932664	-0.956988034	-1.117642517
tempus393_Pre	-2.022949092	-0.62268576	-0.888888258	-1.064616602
tempus394_Pre	-1.880179451	-0.397981793	-1.140327596	-1.06785677
tempus395_Pre	-3.319350849	-0.550460062	-0.759075125	-1.11571672
tempus396_Post	-2.218499183	-0.637111273	-0.858790692	-1.027132284
tempus397_Pre	-2.711466661	-0.682872511	-0.912929773	-1.062023393
tempus398_Post	-1.820086806	-0.686951691	-0.834475426	-1.036192793
tempus399_Post	-2.802974127	-0.550582743	-0.926672061	-1.068020345
tempus400_Pre	-1.879833012	-0.505436905	-0.74842411	-1.115275634
